kinematics:
  shoulder:
    x: 0
    y: 0
    z: 0.15175002287022379
    roll: -0
    pitch: 0
    yaw: 1.0804034727453227e-07
  upper_arm:
    x: -0.00012359538677275564
    y: 0
    z: 0
    roll: 1.5712506286511121
    pitch: 0
    yaw: -8.3588158936720447e-06
  forearm:
    x: -0.24397712593701268
    y: 0
    z: 0
    roll: 0.003613514473482213
    pitch: 0.0020781342976756937
    yaw: -6.6084892124720919e-06
  wrist_1:
    x: -0.21337829094044591
    y: -0.000236613860818756
    z: 0.13096911262809621
    roll: 0.0018066366843284155
    pitch: 0.0014467275262629966
    yaw: 4.5339170959912994e-06
  wrist_2:
    x: 0.000113671818317424
    y: -0.085392597585147362
    z: 4.9308308231247048e-08
    roll: 1.5707957493641869
    pitch: 0
    yaw: 5.3146661090387737e-06
  wrist_3:
    x: -0.00012074168852475937
    y: 0.092308144276466289
    z: -0.00015547982829750842
    roll: 1.5691119718283721
    pitch: 3.1415926535897931
    yaw: -3.141592632559246
  hash: calib_3133162440548037094